39619
43094
37020
16836
11126
54589
52882
34652
21510
62434
14167
19472
51019
7403
1819
40156
59338
14378
7864
21378
43749
32180
55832
1253
63151
40564
30838
4960
52497
56927
26275
21834
47334
14179
15778
1825
13758
58248
35888
28811
48729
4875
63370
39209
61894
49239
2626
10453
51464
29770
15954
31839
12215
53562
48437
40563
55179
5857
46311
8782
49472
48430
28257
25997
31489
15362
61693
62951
22047
6760
35042
22866
219
13625
3384
16658
50842
39789
1989
58616
52802
29166
39606
27039
44273
39418
7554
29997
34838
42987
18072
32849
24146
27958
26585
46812
18354
35738
53056
62221
3380
22808
65180
17009
10755
45294
54366
37215
32816
3327
20210
21741
64407
39463
42000
63726
20913
38879
32781
17017
41394
44520
26268
60810
7694
28806
4481
24671
9619
51778
61839
5862
24319
45273
32403
15984
62569
28353
6741
7229
62567
60175
62785
10849
64441
913
38785
7256
33764
4160
39639
8601
50974
38973
24421
3790
59839
47075
27473
34932
43442
37046
63917
45413
61187
47101
31712
14336
19077
7059
26909
17132
23016
26138
19528
46509
41202
63683
10669
29448
14054
2415
56831
45702
35509
3090
16019
40110
59912
65181
31541
16854
43790
29510
29440
38749
12632
52730
29486
37212
12129
23486
49062
10570
49798
64885
38046
20341
27414
40899
15937
27401
38678
46927
55783
21974
63907
18431
13241
15218
19392
30556
36461
41402
15120
27082
32928
14533
12493
53378
12133
7341
35931
32583
14107
37454
51862
1172
28107
15179
37504
17016
11393
27661
35446
39137
612
414
19491
18627
7212
31776
31183
18937
30718
36599
25350
6291
22621
65527
27132
49548
43856
60780
25560
14096
5419
9612
64840
14692
33579
33616
6157
47129
4301
35625
34368
50905
20196
12113
15030
12018
48071
34429
19460
25161
19481
51746
9880
31325
2765
31222
15207
56942
4169
33475
59652
51981
52052
40376
28161
60313
62942
19670
23060
28579
43825
18332
14723
62256
14234
25255
30814
26025
8893
60428
43760
4082
6279
44724
19274
27458
6226
51116
27279
42985
20966
51948
64648
20851
25387
24616
1717
13570
943
9734
44641
39753
19179
53391
36028
39350
36773
51579
53723
2626
49243
9237
10435
63295
6672
11561
25840
38058
21289
55344
15892
23358
59037
32667
36422
26345
55210
64853
2884
49880
27391
52345
33070
64743
18165
21460
30320
57763
48190
29869
29152
5377
41686
12451
3873
53999
61159
32293
42794
14913
36460
60420
44230
23617
7539
23383
25618
59327
56180
6748
20943
45076
2990
60645
31008
54129
33680
54702
9414
45098
51426
43527
51791
49866
25622
60552
25088
34567
17940
3734
64477
26594
39463
57690
8649
4200
37028
42979
50539
10778
35878
17285
45079
61629
17670
23479
8252
26986
34000
4495
64544
27656
55413
53019
41590
49106
17276
33373
22400
1191
35806
9425
57007
145
3158
51540
21928
43744
13645
42395
35897
14633
37532
10172
7633
52799
37029
18104
37350
50258
36386
58331
60089
61981
29559
27945
51778
37712
60593
35976
50374
32473
4918
48826
32128
11879
22265
17992
48239
27035
34839
19419
6787
37209
12347
48414
3080
62647
55911
57262
44504
62744
20185
48296
37178
15094
13093
52734
62082
52271
27499
24121
65493
28771
15387
10468
40418
45961
43801
13056
2251
50023
22237
57946
46377
56707
47422
52850
29040
37193
5454
1
20509
35216
39861
39813
49237
12643
18853
45528
10778
28356
52285
62832
46698
62108
5903
52915
51095
39955
10450
4861
17438
1789
42846
62355
50082
13599
64511
29103
3009
371
36209
17751
3595
40672
46449
5175
52067
14858
26421
40519
32830
9082
59993
5627
14802
58682
1397
50042
13320
53522
56415
52153
64410
60177
15071
6181
29873
23417
5439
59262
22039
37721
30432
10045
63548
5365
40011
56446
12281
60406
31822
17935
19377
42630
60001
3454
49097
26408
55046
33957
704
3184
2082
9961
606
36715
11993
6961
18467
32734
12659
25530
46149
55071
14736
34245
57737
25332
61581
25299
4740
31276
55507
35337
38647
63645
57903
41070
6224
8276
58416
29908
13028
44522
15280
40383
18573
28402
15010
63426
64903
65236
47882
16118
21296
308
64073
12582
43782
36013
57368
60977
4068
20025
10297
37640
12695
53409
11677
40985
22667
56454
42379
36866
57779
61696
47066
60716
18283
49855
2583
12075
26598
42055
30141
4345
15917
56746
57481
60004
5367
47373
41198
50896
58373
21450
51888
33976
58959
52819
61521
43428
64149
63275
18490
55457
19958
998
40886
62241
33393
54835
13640
63593
42627
61116
1746
13383
10584
54402
39285
23789
38093
59788
63677
59372
25976
30007
2894
18817
22098
60938
17542
36365
62048
6190
48987
64964
8326
32631
30378
21715
40304
52230
21790
51336
17039
54148
27243
12956
28911
32515
38845
37180
45091
21158
20838
47746
22033
51483
45884
63339
63871
48479
38616
58162
14220
49606
53869
47672
31163
49194
27510
28156
34722
21593
46344
46082
45542
33776
54736
39539
52651
19977
37003
22654
23728
54598
55947
22808
34937
61667
31195
19963
50077
53476
44811
15820
17473
12105
43198
27824
17390
40959
61504
2331
15307
54216
8612
10532
48840
45950
34484
48519
15898
49496
46441
12591
58698
6463
14357
56441
56019
10336
53744
52508
61076
64211
58838
38007
2315
1279
20943
26844
19182
4468
8089
24762
38222
31614
21610
33643
21651
57104
65412
55380
42234
45040
11053
9408
54234
51383
15810
12669
34379
34394
37839
58617
27047
49856
1967
19376
54706
20722
51909
33173
39035
7029
28298
59820
47691
53829
31828
63467
12672
5402
12466
8856
40083
8537
15844
7735
24663
27805
14252
63430
17336
60960
1156
48870
28080
40525
25747
27351
46867
23744
207
19448
38341
46673
11170
26195
39604
11927
25483
23216
64854
48854
3832
18649
65297
14334
53688
14804
58563
27164
16339
59779
50483
12830
47613
7998
46678
27353
36047
31286
51710
53360
20624
39821
29149
2474
19191
49888
1134
41396
45581
15645
17707
60023
5802
52962
41948
44150
37088
36268
54818
41225
8361
19509
1199
59243
56373
57415
57419
43061
15054
35324
780
42561
650
46948
19766
35686
65335
14993
52325
54192
52570
58706
56348
38489
15354
56136
53749
23003
22149
60245
49779
11096
17564
60014
59287
27228
17245
34322
27779
62550
59871
57924
60283
28541
17544
51259
43550
32676
40882
17916
36007
20614
54559
40588
